-65
-64.9916
-64.9832
-64.9749
-64.9665
-64.9582
-64.9498
-64.9415
-64.9331
-64.9246
-64.916
-64.9072
-64.8981
-64.8887
-64.8789
-64.8686
-64.8576
-64.846
-64.8337
-64.8205
-64.8064
-64.7913
-64.7752
-64.758
-64.7397
-64.7201
-64.6992
-64.677
-64.6532
-64.6279
-64.6009
-64.5721
-64.5415
-64.5089
-64.4741
-64.4372
-64.398
-64.3565
-64.3124
-64.2658
-64.2166
-64.1647
-64.1101
-64.0528
-63.9926
-63.9297
-63.864
-63.7955
-63.7242
-63.6502
-63.5735
-63.4942
-63.4124
-63.328
-63.2413
-63.1522
-63.0609
-62.9674
-62.8718
-62.7743
-62.675
-62.5738
-62.471
-62.3667
-62.2608
-62.1535
-62.0449
-61.9351
-61.8241
-61.712
-61.5989
-61.4849
-61.3699
-61.254
-61.1373
-61.0197
-60.9013
-60.7819
-60.6617
-60.5405
-60.4183
-60.2952
-60.171
-60.0458
-59.9196
-59.7924
-59.6642
-59.5349
-59.4047
-59.2735
-59.1413
-59.0082
-58.8742
-58.7392
-58.6032
-58.4664
-58.3286
-58.19
-58.0505
-57.9102
-57.769
-57.627
-57.4843
-57.3408
-57.1967
-57.0519
-56.9064
-56.7603
-56.6136
-56.4664
-56.3186
-56.1702
-56.0214
-55.872
-55.7222
-55.5719
-55.4211
-55.27
-55.1184
-54.9665
-54.8142
-54.6617
-54.5088
-54.3557
-54.2024
-54.0489
-53.8953
-53.7416
-53.5877
-53.4337
-53.2797
-53.1256
-52.9714
-52.8172
-52.6629
-52.5086
-52.3543
-52.2
-52.0458
-51.8916
-51.7377
-51.5839
-51.4303
-51.277
-51.124
-50.9715
-50.8193
-50.6677
-50.5165
-50.3659
-50.2159
-50.0665
-49.9178
-49.7697
-49.6223
-49.4756
-49.3296
-49.1844
-49.0399
-48.8962
-48.7532
-48.6111
-48.4698
-48.3292
-48.1896
-48.0507
-47.9127
-47.7757
-47.6394
-47.5041
-47.3697
-47.2361
-47.1034
-46.9715
-46.8403
-46.7097
-46.5798
-46.4503
-46.3213
-46.1926
-46.0642
-45.936
-45.8079
-45.6799
-45.552
-45.424
-45.296
-45.1679
-45.0397
-44.9114
-44.783
-44.6545
-44.5258
-44.3969
-44.2678
-44.1386
-44.0091
-43.8794
-43.7495
-43.6194
-43.4892
-43.3587
-43.2281
-43.0973
-42.9664
-42.8354
-42.7043
-42.5732
-42.442
-42.3109
-42.1798
-42.0488
-41.9178
-41.7868
-41.656
-41.5252
-41.3945
-41.2639
-41.1334
-41.0029
-40.8726
-40.7424
-40.6123
-40.4823
-40.3525
-40.223
-40.0936
-39.9645
-39.8357
-39.7072
-39.5791
-39.4514
-39.3242
-39.1974
-39.0711
-38.9453
-38.8201
-38.6955
-38.5714
-38.448
-38.3253
-38.2032
-38.0818
-37.9611
-37.8411
-37.7219
-37.6035
-37.4859
-37.3691
-37.2531
-37.138
-37.0238
-36.9105
-36.7981
-36.6866
-36.5761
-36.4666
-36.3579
-36.2503
-36.1435
-36.0377
-35.9329
-35.8289
-35.7259
-35.6238
-35.5226
-35.4223
-35.3229
-35.2244
-35.1269
-35.0302
-34.9345
-34.8396
-34.7456
-34.6525
-34.5603
-34.4689
-34.3784
-34.2886
-34.1997
-34.1116
-34.0242
-33.9376
-33.8517
-33.7665
-33.682
-33.5982
-33.515
-33.4324
-33.3505
-33.2692
-33.1884
-33.1083
-33.0287
-32.9497
-32.8712
-32.7933
-32.716
-32.6391
-32.5629
-32.4871
-32.4118
-32.3371
-32.2629
-32.1891
-32.1159
-32.0432
-31.9709
-31.8992
-31.828
-31.7573
-31.6871
-31.6175
-31.5484
-31.4798
-31.4118
-31.3444
-31.2776
-31.2114
-31.1457
-31.0807
-31.0162
-30.9524
-30.8891
-30.8264
-30.7643
-30.7028
-30.6419
-30.5815
-30.5217
-30.4624
-30.4036
-30.3453
-30.2876
-30.2303
-30.1735
-30.1171
-30.0612
-30.0058
-29.9508
-29.8963
-29.8422
-29.7886
-29.7356
-29.683
-29.6308
-29.5793
-29.5282
-29.4776
-29.4275
-29.378
-29.3289
-29.2804
-29.2323
-29.1848
-29.1377
-29.0912
-29.0451
-28.9996
-28.9545
-28.9099
-28.8658
-28.8221
-28.7789
-28.7361
-28.6937
-28.6517
-28.6101
-28.5689
-28.5281
-28.4876
-28.4474
-28.4076
-28.368
-28.3288
-28.2898
-28.2511
-28.2126
-28.1744
-28.1364
-28.0986
-28.061
-28.0236
-27.9865
-27.9495
-27.9127
-27.8761
-27.8397
-27.8035
-27.7675
-27.7317
-27.6961
-27.6606
-27.6253
-27.5903
-27.5554
-27.5206
-27.4861
-27.4517
-27.4175
-27.3835
-27.3496
-27.3159
-27.2823
-27.2489
-27.2157
-27.1827
-27.1498
-27.1171
-27.0846
-27.0522
-27.02
-26.988
-26.9562
-26.9246
-26.8931
-26.8618
-26.8307
-26.7998
-26.7691
-26.7386
-26.7083
-26.6782
-26.6483
-26.6185
-26.589
-26.5597
-26.5306
-26.5016
-26.4729
-26.4444
-26.4161
-26.388
-26.3602
-26.3325
-26.305
-26.2778
-26.2507
-26.2239
-26.1972
-26.1706
-26.1443
-26.118
-26.0919
-26.0659
-26.04
-26.0141
-25.9884
-25.9627
-25.937
-25.9114
-25.8858
-25.8602
-25.8346
-25.8091
-25.7835
-25.758
-25.7324
-25.7069
-25.6814
-25.6559
-25.6305
-25.605
-25.5796
-25.5543
-25.529
-25.5037
-25.4786
-25.4535
-25.4284
-25.4035
-25.3787
-25.3541
-25.3295
-25.3051
-25.2809
-25.2568
-25.2329
-25.2092
-25.1856
-25.1623
-25.1392
-25.1162
-25.0935
-25.071
-25.0486
-25.0265
-25.0046
-24.9828
-24.9612
-24.9398
-24.9185
-24.8973
-24.8762
-24.8553
-24.8345
-24.8137
-24.7931
-24.7726
-24.7521
-24.7318
-24.7115
-24.6914
-24.6713
-24.6514
-24.6316
-24.612
-24.5924
-24.5731
-24.5538
-24.5348
-24.5158
-24.497
-24.4783
-24.4598
-24.4414
-24.423
-24.4048
-24.3866
-24.3686
-24.3505
-24.3326
-24.3146
-24.2967
-24.2788
-24.2609
-24.2429
-24.2249
-24.2069
-24.1889
-24.1708
-24.1526
-24.1343
-24.116
-24.0976
-24.0791
-24.0604
-24.0417
-24.0229
-24.0039
-23.9849
-23.9658
-23.9466
-23.9273
-23.908
-23.8887
-23.8693
-23.8499
-23.8306
-23.8113
-23.792
-23.7728
-23.7537
-23.7347
-23.7157
-23.6968
-23.678
-23.6594
-23.6408
-23.6223
-23.604
-23.5858
-23.5678
-23.5499
-23.5322
-23.5146
-23.4972
-23.48
-23.463
-23.4462
-23.4296
-23.4132
-23.397
-23.3811
-23.3655
-23.3502
-23.3352
-23.3204
-23.3061
-23.292
-23.2783
-23.2649
-23.2519
-23.2392
-23.2268
-23.2148
-23.2031
-23.1917
-23.1806
-23.1698
-23.1592
-23.1489
-23.1389
-23.129
-23.1194
-23.11
-23.1008
-23.0917
-23.0828
-23.0741
-23.0655
-23.057
-23.0487
-23.0404
-23.0322
-23.0241
-23.016
-23.008
-23
-22.992
-22.984
-22.9761
-22.9681
-22.9601
-22.9521
-22.9441
-22.9361
-22.928
-22.9199
-22.9118
-22.9037
-22.8955
-22.8873
-22.8791
-22.8708
-22.8625
-22.8542
-22.8458
-22.8374
-22.8289
-22.8204
-22.8119
-22.8034
-22.7948
-22.7861
-22.7774
-22.7687
-22.76
-22.7513
-22.7426
-22.7339
-22.7253
-22.7166
-22.7081
-22.6995
-22.6911
-22.6827
-22.6744
-22.6662
-22.6581
-22.65
-22.642
-22.6341
-22.6263
-22.6185
-22.6108
-22.6032
-22.5955
-22.588
-22.5805
-22.573
-22.5656
-22.5582
-22.5508
-22.5435
-22.5362
-22.529
-22.5218
-22.5147
-22.5076
-22.5005
-22.4936
-22.4867
-22.4799
-22.4731
-22.4664
-22.4598
-22.4533
-22.4469
-22.4405
-22.4342
-22.4279
-22.4216
-22.4154
-22.4092
-22.4031
-22.3969
-22.3907
-22.3845
-22.3783
-22.3722
-22.366
-22.3598
-22.3536
-22.3473
-22.3411
-22.3349
-22.3286
-22.3224
-22.3161
-22.3098
-22.3036
-22.2973
-22.2911
-22.285
-22.2788
-22.2728
-22.2668
-22.261
-22.2552
-22.2496
-22.244
-22.2387
-22.2334
-22.2283
-22.2234
-22.2187
-22.2141
-22.2097
-22.2054
-22.2014
-22.1975
-22.1938
-22.1903
-22.187
-22.1838
-22.1808
-22.1779
-22.1752
-22.1727
-22.1702
-22.168
-22.1658
-22.1637
-22.1618
-22.16
-22.1582
-22.1566
-22.155
-22.1535
-22.1521
-22.1507
-22.1494
-22.1482
-22.147
-22.1458
-22.1446
-22.1435
-22.1424
-22.1414
-22.1403
-22.1393
-22.1383
-22.1374
-22.1364
-22.1355
-22.1347
-22.1338
-22.133
-22.1322
-22.1314
-22.1307
-22.13
-22.1294
-22.1287
-22.1282
-22.1276
-22.1271
-22.1266
-22.1261
-22.1255
-22.125
-22.1245
-22.1239
-22.1233
-22.1226
-22.1219
-22.1211
-22.1202
-22.1193
-22.1183
-22.1171
-22.116
-22.1147
-22.1133
-22.1119
-22.1104
-22.1088
-22.1072
-22.1055
-22.1038
-22.1021
-22.1003
-22.0986
-22.0968
-22.0951
-22.0933
-22.0917
-22.09
-22.0884
-22.0869
-22.0854
-22.084
-22.0827
-22.0815
-22.0804
-22.0793
-22.0784
-22.0776
-22.0768
-22.0762
-22.0757
-22.0753
-22.075
-22.0749
-22.0749
-22.075
-22.0753
-22.0757
-22.0762
-22.0769
-22.0777
-22.0786
-22.0797
-22.0809
-22.0822
-22.0837
-22.0852
-22.0869
-22.0887
-22.0906
-22.0926
-22.0948
-22.0971
-22.0995
-22.102
-22.1046
-22.1073
-22.11
-22.1129
-22.1158
-22.1188
-22.1218
-22.1248
-22.1279
-22.1309
-22.134
-22.137
-22.1399
-22.1428
-22.1456
-22.1484
-22.151
-22.1535
-22.1559
-22.1582
-22.1604
-22.1624
-22.1643
-22.166
-22.1676
-22.169
-22.1703
-22.1714
-22.1725
-22.1733
-22.1741
-22.1747
-22.1752
-22.1756
-22.1759
-22.176
-22.1761
-22.1761
-22.1759
-22.1757
-22.1754
-22.175
-22.1746
-22.174
-22.1734
-22.1728
-22.172
-22.1713
-22.1705
-22.1697
-22.1689
-22.1681
-22.1673
-22.1666
-22.1659
-22.1652
-22.1646
-22.1641
-22.1637
-22.1633
-22.1631
-22.163
-22.163
-22.1631
-22.1634
-22.1638
-22.1644
-22.1651
-22.1659
-22.1669
-22.1681
-22.1694
-22.1708
-22.1723
-22.1741
-22.1759
-22.1779
-22.18
-22.1822
-22.1846
-22.1871
-22.1898
-22.1925
-22.1954
-22.1984
-22.2015
-22.2047
-22.2079
-22.2113
-22.2147
-22.2182
-22.2217
-22.2253
-22.229
-22.2327
-22.2364
-22.2402
-22.244
-22.2478
-22.2517
-22.2556
-22.2595
-22.2634
-22.2673
-22.2713
-22.2752
-22.2792
-22.2831
-22.2871
-22.291
-22.2949
-22.2989
-22.3028
-22.3067
-22.3105
-22.3143
-22.3181
-22.3218
-22.3255
-22.3291
-22.3325
-22.3359
-22.3392
-22.3424
-22.3455
-22.3484
-22.3513
-22.354
-22.3567
-22.3592
-22.3617
-22.364
-22.3663
-22.3685
-22.3706
-22.3726
-22.3746
-22.3765
-22.3784
-22.3803
-22.382
-22.3838
-22.3855
-22.3872
-22.3888
-22.3903
-22.3918
-22.3932
-22.3946
-22.3958
-22.3969
-22.3979
-22.3988
-22.3996
-22.4002
-22.4007
-22.401
-22.4013
-22.4013
-22.4013
-22.401
-22.4006
-22.4001
-22.3994
-22.3985
-22.3975
-22.3963
-22.3949
-22.3935
-22.3919
-22.3901
-22.3883
-22.3863
-22.3843
-22.3822
-22.38
-22.3778
-22.3755
-22.3731
-22.3708
-22.3683
-22.3659
-22.3634
-22.3608
-22.3582
-22.3556
-22.3529
-22.3502
-22.3475
-22.3447
-22.342
-22.3392
-22.3364
-22.3337
-22.3309
-22.3282
-22.3256
-22.3229
-22.3204
-22.3178
-22.3154
-22.313
-22.3106
-22.3084
-22.3062
-22.3041
-22.3022
-22.3003
-22.2986
-22.2971
-22.2957
-22.2944
-22.2933
-22.2924
-22.2917
-22.2912
-22.2909
-22.2909
-22.291
-22.2913
-22.2919
-22.2927
-22.2937
-22.2949
-22.2963
-22.298
-22.2998
-22.3019
-22.3042
-22.3067
-22.3094
-22.3123
-22.3153
-22.3185
-22.3219
-22.3253
-22.3289
-22.3326
-22.3364
-22.3401
-22.3439
-22.3477
-22.3514
-22.355
-22.3586
-22.3622
-22.3656
-22.3689
-22.3721
-22.3753
-22.3783
-22.3813
-22.3841
-22.3869
-22.3896
-22.3922
-22.3947
-22.3972
-22.3995
-22.4019
-22.4041
-22.4063
-22.4084
-22.4104
-22.4124
-22.4142
-22.416
-22.4177
-22.4193
-22.4209
-22.4223
-22.4237
-22.425
-22.4262
-22.4273
-22.4283
-22.4292
-22.43
-22.4308
-22.4314
-22.4319
-22.4322
-22.4325
-22.4326
-22.4327
-22.4326
-22.4323
-22.432
-22.4316
-22.4311
-22.4305
-22.4298
-22.4291
-22.4284
-22.4276
-22.4268
-22.426
-22.4253
-22.4246
-22.4239
-22.4233
-22.4227
-22.4222
-22.4218
-22.4214
-22.4212
-22.421
-22.421
-22.421
-22.4211
-22.4212
-22.4214
-22.4217
-22.422
-22.4223
-22.4226
-22.4229
-22.4231
-22.4233
-22.4235
-22.4236
-22.4237
-22.4237
-22.4237
-22.4236
-22.4234
-22.4232
-22.423
-22.4228
-22.4226
-22.4224
-22.4222
-22.4221
-22.422
-22.4219
-22.4219
-22.422
-22.4222
-22.4225
-22.4229
-22.4234
-22.4241
-22.4248
-22.4257
-22.4267
-22.4278
-22.4291
-22.4304
-22.4318
-22.4333
-22.4349
-22.4365
-22.4381
-22.4398
-22.4415
-22.4432
-22.4449
-22.4465
-22.4482
-22.45
-22.4517
-22.4534
-22.4551
-22.4569
-22.4586
-22.4604
-22.4622
-22.464
-22.4658
-22.4676
-22.4693
-22.4711
-22.4728
-22.4745
-22.4762
-22.4778
-22.4794
-22.481
-22.4826
-22.4841
-22.4856
-22.487
-22.4884
-22.4897
-22.491
-22.4922
-22.4934
-22.4944
-22.4954
-22.4963
-22.4971
-22.4979
-22.4985
-22.499
-22.4994
-22.4997
-22.4998
-22.4998
-22.4997
-22.4994
-22.499
-22.4984
-22.4977
-22.4968
-22.4958
-22.4946
-22.4933
-22.4919
-22.4903
-22.4885
-22.4866
-22.4846
-22.4824
-22.48
-22.4775
-22.4749
-22.4721
-22.4692
-22.4662
-22.463
-22.4598
-22.4564
-22.453
-22.4495
-22.446
-22.4424
-22.4388
-22.4351
-22.4315
-22.4279
-22.4242
-22.4206
-22.417
-22.4135
-22.4099
-22.4064
-22.4029
-22.3994
-22.396
-22.3926
-22.3891
-22.3858
-22.3824
-22.3791
-22.3758
-22.3726
-22.3693
-22.3662
-22.363
-22.3599
-22.3568
-22.3538
-22.3508
-22.3478
-22.3448
-22.3419
-22.3389
-22.336
-22.3331
-22.3302
-22.3273
-22.3244
-22.3216
-22.3187
-22.3159
-22.3131
-22.3103
-22.3075
-22.3047
-22.3019
-22.2992
-22.2964
-22.2937
-22.291
-22.2882
-22.2855
-22.2829
-22.2802
-22.2776
-22.275
-22.2725
-22.2699
-22.2675
-22.265
-22.2627
-22.2603
-22.2581
-22.2558
-22.2537
-22.2515
-22.2495
-22.2474
-22.2454
-22.2434
-22.2414
-22.2395
-22.2375
-22.2355
-22.2336
-22.2316
-22.2296
-22.2276
-22.2255
-22.2234
-22.2213
-22.2192
-22.217
-22.2147
-22.2125
-22.2102
-22.2078
-22.2054
-22.2031
-22.2006
-22.1982
-22.1957
-22.1933
-22.1908
-22.1883
-22.1859
-22.1835
-22.1811
-22.1788
-22.1765
-22.1743
-22.1722
-22.1703
-22.1684
-22.1666
-22.165
-22.1635
-22.1621
-22.1609
-22.1598
-22.1588
-22.158
-22.1574
-22.1569
-22.1565
-22.1563
-22.1562
-22.1563
-22.1564
-22.1567
-22.1571
-22.1576
-22.1582
-22.1588
-22.1596
-22.1604
-22.1613
-22.1622
-22.1633
-22.1644
-22.1655
-22.1668
-22.1681
-22.1694
-22.1709
-22.1724
-22.174
-22.1757
-22.1774
-22.1792
-22.181
-22.1829
-22.1849
-22.187
-22.1891
-22.1913
-22.1935
-22.1958
-22.1981
-22.2005
-22.2029
-22.2053
-22.2077
-22.2101
-22.2124
-22.2147
-22.217
-22.2192
-22.2213
-22.2233
-22.2252
-22.2271
-22.2288
-22.2304
-22.2319
-22.2333
-22.2346
-22.2358
-22.2369
-22.2379
-22.2388
-22.2396
-22.2403
-22.2409
-22.2414
-22.2418
-22.2422
-22.2425
-22.2427
-22.2429
-22.2432
-22.2434
-22.2436
-22.2439
-22.2442
-22.2445
-22.245
-22.2455
-22.2461
-22.2469
-22.2477
-22.2487
-22.2498
-22.2511
-22.2525
-22.254
-22.2557
-22.2575
-22.2594
-22.2615
-22.2637
-22.2659
-22.2683
-22.2707
-22.2732
-22.2757
-22.2782
-22.2807
-22.2832
-22.2856
-22.288
-22.2903
-22.2924
-22.2945
-22.2964
-22.2982
-22.2999
-22.3014
-22.3027
-22.3039
-22.3049
-22.3058
-22.3065
-22.3071
-22.3075
-22.3078
-22.3081
-22.3082
-22.3082
-22.3081
-22.3079
-22.3077
-22.3075
-22.3072
-22.3069
-22.3066
-22.3062
-22.3058
-22.3054
-22.3051
-22.3047
-22.3042
-22.3038
-22.3034
-22.3029
-22.3025
-22.3019
-22.3014
-22.3007
-22.3001
-22.2993
-22.2985
-22.2977
-22.2968
-22.2958
-22.2947
-22.2936
-22.2925
-22.2913
-22.2901
-22.2888
-22.2875
-22.2862
-22.2849
-22.2836
-22.2824
-22.2811
-22.2799
-22.2788
-22.2777
-22.2767
-22.2758
-22.275
-22.2743
-22.2737
-22.2733
-22.273
-22.2729
-22.273
-22.2732
-22.2736
-22.2741
-22.2749
-22.2758
-22.2768
-22.2781
-22.2795
-22.2811
-22.2829
-22.2848
-22.2869
-22.2891
-22.2915
-22.294
-22.2966
-22.2993
-22.3022
-22.3051
-22.3081
-22.3112
-22.3143
-22.3174
-22.3206
-22.3239
-22.3271
-22.3303
-22.3336
-22.3369
-22.3402
-22.3435
-22.3468
-22.3501
-22.3535
-22.3569
-22.3604
-22.3639
-22.3675
-22.3711
-22.3749
-22.3787
-22.3826
-22.3866
-22.3908
-22.395
-22.3994
-22.4039
-22.4085
-22.4132
-22.4181
-22.4231
-22.4282
-22.4335
-22.4389
-22.4444
-22.45
-22.4558
-22.4617
-22.4677
-22.4738
-22.4801
-22.4865
-22.493
-22.4995
-22.5062
-22.513
-22.5199
-22.5268
-22.5338
-22.5408
-22.5479
-22.5549
-22.562
-22.5691
-22.5761
-22.5831
-22.59
-22.5969
-22.6037
-22.6104
-22.617
-22.6235
-22.6299
-22.6362
-22.6423
-22.6484
-22.6543
-22.66
-22.6657
-22.6712
-22.6766
-22.6818
-22.6869
-22.6919
-22.6967
-22.7015
-22.706
-22.7105
-22.7147
-22.7189
-22.7228
-22.7266
-22.7303
-22.7338
-22.7371
-22.7403
-22.7433
-22.7462
-22.749
-22.7516
-22.754
-22.7564
-22.7586
-22.7607
-22.7626
-22.7645
-22.7663
-22.7679
-22.7695
-22.771
-22.7723
-22.7736
-22.7747
-22.7757
-22.7766
-22.7774
-22.778
-22.7786
-22.779
-22.7792
-22.7794
-22.7794
-22.7793
-22.779
-22.7787
-22.7783
-22.7777
-22.7771
-22.7763
-22.7755
-22.7746
-22.7735
-22.7724
-22.7712
-22.7698
-22.7684
-22.7668
-22.7651
-22.7633
-22.7615
-22.7595
-22.7574
-22.7552
-22.753
-22.7507
-22.7483
-22.7459
-22.7435
-22.7411
-22.7386
-22.7362
-22.7337
-22.7313
-22.7289
-22.7266
-22.7243
-22.7221
-22.7199
-22.7178
-22.7157
-22.7138
-22.7119
-22.7101
-22.7084
-22.7068
-22.7054
-22.704
-22.7028
-22.7017
-22.7008
-22.7
-22.6994
-22.6989
-22.6986
-22.6985
-22.6985
-22.6987
-22.699
-22.6996
-22.7003
-22.7012
-22.7023
-22.7035
-22.7049
-22.7064
-22.7081
-22.71
-22.712
-22.7142
-22.7166
-22.7191
-22.7217
-22.7246
-22.7276
-22.7307
-22.734
-22.7374
-22.741
-22.7447
-22.7486
-22.7526
-22.7567
-22.7609
-22.7653
-22.7697
-22.7743
-22.7789
-22.7836
-22.7884
-22.7933
-22.7982
-22.8031
-22.8081
-22.8131
-22.8181
-22.823
-22.828
-22.8329
-22.8378
-22.8427
-22.8474
-22.8521
-22.8568
-22.8613
-22.8658
-22.8702
-22.8745
-22.8787
-22.8828
-22.8868
-22.8906
-22.8943
-22.8978
-22.9012
-22.9044
-22.9074
-22.9102
-22.9128
-22.9151
-22.9172
-22.919
-22.9206
-22.9218
-22.9228
-22.9234
-22.9237
-22.9237
-22.9234
-22.9227
-22.9217
-22.9203
-22.9186
-22.9165
-22.9141
-22.9114
-22.9082
-22.9048
-22.9009
-22.8967
-22.8922
-22.8873
-22.882
-22.8764
-22.8704
-22.8641
-22.8575
-22.8506
-22.8434
-22.8359
-22.8282
-22.8202
-22.812
-22.8036
-22.7951
-22.7863
-22.7775
-22.7685
-22.7593
-22.7501
-22.7408
-22.7314
-22.722
-22.7125
-22.703
-22.6935
-22.6839
-22.6744
-22.6648
-22.6552
-22.6456
-22.636
-22.6264
-22.6168
-22.6072
-22.5975
-22.5879
-22.5783
-22.5687
-22.5591
-22.5495
-22.54
-22.5306
-22.5212
-22.5119
-22.5026
-22.4935
-22.4845
-22.4755
-22.4667
-22.4579
-22.4493
-22.4408
-22.4324
-22.4241
-22.4159
-22.4078
-22.3999
-22.3921
-22.3844
-22.3768
-22.3693
-22.362
-22.3547
-22.3476
-22.3406
-22.3336
-22.3267
-22.32
-22.3132
-22.3066
-22.3
-22.2934
-22.2869
-22.2804
-22.2739
-22.2675
-22.261
-22.2544
-22.2479
-22.2413
-22.2346
-22.2278
-22.221
-22.2141
-22.2071
-22.2
-22.1928
-22.1856
-22.1782
-22.1709
-22.1634
-22.156
-22.1485
-22.141
-22.1335
-22.126
-22.1186
-22.1113
-22.1041
-22.097
-22.09
-22.0831
-22.0764
-22.0699
-22.0635
-22.0573
-22.0513
-22.0455
-22.0398
-22.0344
-22.0292
-22.0241
-22.0193
-22.0147
-22.0104
-22.0062
-22.0022
-21.9985
-21.9949
-21.9916
-21.9884
-21.9854
-21.9825
-21.9798
-21.9772
-21.9748
-21.9725
-21.9704
-21.9684
-21.9665
-21.9648
-21.9631
-21.9616
-21.9603
-21.9591
-21.958
-21.957
-21.9562
-21.9555
-21.955
-21.9545
-21.9543
-21.9541
-21.9541
-21.9542
-21.9545
-21.9548
-21.9553
-21.956
-21.9567
-21.9576
-21.9586
-21.9597
-21.9609
-21.9622
-21.9637
-21.9652
-21.9668
-21.9685
-21.9704
-21.9723
-21.9743
-21.9764
-21.9787
-21.981
-21.9834
-21.986
-21.9886
-21.9914
-21.9942
-21.997
-21.9998
-22.0027
-22.0055
-22.0083
-22.011
-22.0137
-22.0163
-22.0188
-22.0212
-22.0235
-22.0258
-22.028
-22.0301
-22.0322
-22.0342
-22.0362
-22.0381
-22.04
-22.0419
-22.0437
-22.0456
-22.0473
-22.0491
-22.0508
-22.0525
-22.0541
-22.0557
-22.0573
-22.0588
-22.0603
-22.0618
-22.0632
-22.0646
-22.0659
-22.0672
-22.0686
-22.0699
-22.0712
-22.0725
-22.0738
-22.0752
-22.0766
-22.0779
-22.0794
-22.0808
-22.0822
-22.0837
-22.0852
-22.0867
-22.0882
-22.0898
-22.0913
-22.0929
-22.0945
-22.0961
-22.0977
-22.0994
-22.1011
-22.1028
-22.1046
-22.1065
-22.1084
-22.1104
-22.1124
-22.1146
-22.1168
-22.1192
-22.1216
-22.1241
-22.1267
-22.1295
-22.1322
-22.1351
-22.1381
-22.1412
-22.1443
-22.1475
-22.1508
-22.1541
-22.1576
-22.1611
-22.1647
-22.1683
-22.172
-22.1757
-22.1795
-22.1834
-22.1872
-22.1911
-22.1949
-22.1988
-22.2026
-22.2063
-22.2101
-22.2137
-22.2173
-22.2209
-22.2244
-22.2279
-22.2313
-22.2346
-22.238
-22.2413
-22.2446
-22.2479
-22.2512
-22.2545
-22.2578
-22.2611
-22.2644
-22.2678
-22.2712
-22.2747
-22.2782
-22.2818
-22.2854
-22.2891
-22.293
-22.2969
-22.3008
-22.3049
-22.3092
-22.3135
-22.3179
-22.3224
-22.327
-22.3318
-22.3366
-22.3415
-22.3465
-22.3516
-22.3567
-22.362
-22.3673
-22.3727
-22.3781
-22.3836
-22.3892
-22.3948
-22.4005
-22.4062
-22.412
-22.4178
-22.4237
-22.4296
-22.4356
-22.4417
-22.4478
-22.4539
-22.4601
-22.4664
-22.4727
-22.479
-22.4854
-22.4919
-22.4984
-22.5049
-22.5115
-22.5182
-22.5248
-22.5316
-22.5384
-22.5452
-22.5521
-22.559
-22.566
-22.5729
-22.58
-22.587
-22.5941
-22.6012
-22.6084
-22.6156
-22.6228
-22.63
-22.6372
-22.6444
-22.6516
-22.6588
-22.666
-22.6732
-22.6803
-22.6874
-22.6945
-22.7015
-22.7086
-22.7155
-22.7225
-22.7294
-22.7363
-22.7432
-22.75
-22.7569
-22.7637
-22.7705
-22.7773
-22.7841
-22.7909
-22.7977
-22.8045
-22.8113
-22.818
-22.8247
-22.8314
-22.838
-22.8446
-22.8511
-22.8576
-22.864
-22.8704
-22.8768
-22.8832
-22.8895
-22.8958
-22.9021
-22.9084
-22.9147
-22.921
-22.9273
-22.9336
-22.9399
-22.9461
-22.9524
-22.9586
-22.9648
-22.9709
-22.9769
-22.9829
-22.9888
-22.9946
-23.0003
-23.0058
-23.0113
-23.0166
-23.0218
-23.0269
-23.0318
-23.0366
-23.0413
-23.0458
-23.0502
-23.0544
-23.0585
-23.0625
-23.0663
-23.0701
-23.0738
-23.0774
-23.0809
-23.0843
-23.0878
-23.0912
-23.0946
-23.098
-23.1014
-23.1048
-23.1082
-23.1117
-23.1152
-23.1188
-23.1225
-23.1262
-23.13
-23.1338
-23.1377
-23.1418
-23.1459
-23.15
-23.1542
-23.1585
-23.1628
-23.1671
-23.1714
-23.1757
-23.1799
-23.1841
-23.1883
-23.1924
-23.1964
-23.2004
-23.2043
-23.2082
-23.212
-23.2157
-23.2194
-23.223
-23.2265
-23.2299
-23.2333
-23.2365
-23.2397
-23.2427
-23.2457
-23.2485
-23.2512
-23.2538
-23.2562
-23.2584
-23.2606
-23.2625
-23.2643
-23.266
-23.2675
-23.2689
-23.2701
-23.2713
-23.2722
-23.2731
-23.2738
-23.2744
-23.2748
-23.2752
-23.2754
-23.2754
-23.2753
-23.2751
-23.2747
-23.2742
-23.2735
-23.2727
-23.2718
-23.2707
-23.2696
-23.2682
-23.2668
-23.2652
-23.2636
-23.2618
-23.2599
-23.2578
-23.2557
-23.2534
-23.251
-23.2486
-23.246
-23.2432
-23.2404
-23.2375
-23.2344
-23.2312
-23.2279
-23.2245
-23.221
-23.2174
-23.2137
-23.2099
-23.206
-23.2021
-23.1981
-23.194
-23.1899
-23.1857
-23.1815
-23.1772
-23.1729
-23.1686
-23.1642
-23.1599
-23.1555
-23.151
-23.1466
-23.1421
-23.1376
-23.1331
-23.1285
-23.1239
-23.1193
-23.1147
-23.11
-23.1053
-23.1005
-23.0957
-23.0908
-23.0859
-23.0809
-23.0759
-23.0708
-23.0656
-23.0604
-23.0552
-23.0499
-23.0446
-23.0393
-23.0339
-23.0286
-23.0233
-23.018
-23.0127
-23.0075
-23.0024
-22.9973
-22.9923
-22.9873
-22.9825
-22.9777
-22.9731
-22.9686
-22.9642
-22.9599
-22.9558
-22.9517
-22.9478
-22.9441
-22.9404
-22.9369
-22.9336
-22.9303
-22.9272
-22.9243
-22.9214
-22.9187
-22.9161
-22.9136
-22.9113
-22.909
-22.9068
-22.9047
-22.9027
-22.9008
-22.8989
-22.8971
-22.8954
-22.8936
-22.892
-22.8903
-22.8887
-22.8871
-22.8855
-22.8839
-22.8824
-22.8808
-22.8792
-22.8775
-22.8759
-22.8743
-22.8726
-22.8709
-22.8692
-22.8675
-22.8658
-22.8641
-22.8625
-22.8608
-22.8592
-22.8576
-22.856
-22.8544
-22.8529
-22.8514
-22.85
-22.8485
-22.8471
-22.8457
-22.8443
-22.843
-22.8416
-22.8403
-22.8391
-22.8379
-22.8367
-22.8356
-22.8346
-22.8336
-22.8328
-22.8321
-22.8315
-22.831
-22.8306
-22.8304
-22.8303
-22.8303
-22.8305
-22.8308
-22.8312
-22.8317
-22.8323
-22.833
-22.8339
-22.8347
-22.8357
-22.8367
-22.8378
-22.8388
-22.8399
-22.841
-22.842
-22.843
-22.844
-22.8449
-22.8457
-22.8463
-22.8469
-22.8473
-22.8476
-22.8478
-22.8478
-22.8476
-22.8472
-22.8466
-22.8458
-22.8448
-22.8435
-22.842
-22.8403
-22.8383
-22.8361
-22.8337
-22.831
-22.828
-22.8248
-22.8214
-22.8177
-22.8139
-22.8097
-22.8054
-22.8009
-22.7962
-22.7913
-22.7863
-22.781
-22.7757
-22.7702
-22.7646
-22.7589
-22.7531
-22.7472
-22.7413
-22.7354
-22.7294
-22.7234
-22.7174
-22.7114
-22.7054
-22.6995
-22.6936
-22.6878
-22.682
-22.6764
-22.6708
-22.6654
-22.66
-22.6547
-22.6496
-22.6445
-22.6396
-22.6347
-22.6299
-22.6252
-22.6206
-22.616
-22.6115
-22.6071
-22.6027
-22.5984
-22.5941
-22.5899
-22.5858
-22.5817
-22.5778
-22.5738
-22.57
-22.5663
-22.5626
-22.559
-22.5554
-22.552
-22.5486
-22.5453
-22.5421
-22.539
-22.536
-22.5331
-22.5303
-22.5275
-22.5249
-22.5225
-22.5201
-22.5179
-22.5158
-22.5139
-22.5121
-22.5105
-22.509
-22.5076
-22.5065
-22.5055
-22.5046
-22.5039
-22.5034
-22.503
-22.5029
-22.5028
-22.503
-22.5033
-22.5037
-22.5044
-22.5051
-22.506
-22.5071
-22.5083
-22.5096
-22.5111
-22.5126
-22.5143
-22.5161
-22.5179
-22.5199
-22.5218
-22.5239
-22.526
-22.5281
-22.5303
-22.5325
-22.5348
-22.5371
-22.5394
-22.5417
-22.544
-22.5464
-22.5488
-22.5512
-22.5536
-22.556
-22.5585
-22.561
-22.5635
-22.566
-22.5685
-22.5711
-22.5736
-22.5762
-22.5788
-22.5814
-22.584
-22.5866
-22.5892
-22.5917
-22.5943
-22.5968
-22.5994
-22.6019
-22.6043
-22.6068
-22.6093
-22.6117
-22.6141
-22.6165
-22.619
-22.6214
-22.6238
-22.6262
-22.6285
-22.6309
-22.6332
-22.6355
-22.6377
-22.6398
-22.6419
-22.6438
-22.6457
-22.6474
-22.649
-22.6504
-22.6517
-22.6527
-22.6536
-22.6543
-22.6548
-22.6551
-22.6552
-22.6551
-22.6547
-22.6541
-22.6533
-22.6523
-22.651
-22.6495
-22.6478
-22.6458
-22.6436
-22.6412
-22.6386
-22.6358
-22.6327
-22.6295
-22.626
-22.6223
-22.6183
-22.6142
-22.6098
-22.6052
-22.6004
-22.5954
-22.5901
-22.5846
-22.5789
-22.5729
-22.5667
-22.5602
-22.5534
-22.5464
-22.5391
-22.5316
-22.5238
-22.5158
-22.5075
-22.499
-22.4902
-22.4812
-22.4721
-22.4627
-22.4532
-22.4436
-22.4338
-22.4239
-22.4139
-22.4039
-22.3938
-22.3837
-22.3736
-22.3634
-22.3533
-22.3433
-22.3333
-22.3233
-22.3134
-22.3036
-22.2939
-22.2843
-22.2748
-22.2654
-22.2561
-22.2469
-22.2378
-22.2289
-22.2201
-22.2114
-22.2028
-22.1944
-22.1861
-22.178
-22.17
-22.1621
-22.1544
-22.1469
-22.1395
-22.1322
-22.1252
-22.1182
-22.1115
-22.1048
-22.0984
-22.092
-22.0858
-22.0798
-22.0738
-22.068
-22.0623
-22.0568
-22.0513
-22.046
-22.0407
-22.0356
-22.0306
-22.0256
-22.0208
-22.016
-22.0113
-22.0068
-22.0022
-21.9978
-21.9934
-21.9891
-21.9848
-21.9806
-21.9765
-21.9724
-21.9684
-21.9645
-21.9606
-21.9567
-21.953
-21.9492
-21.9456
-21.9419
-21.9384
-21.9349
-21.9314
-21.928
-21.9247
-21.9214
-21.9181
-21.9149
-21.9117
-21.9085
-21.9053
-21.9022
-21.8991
-21.8959
-21.8928
-21.8896
-21.8864
-21.8832
-21.88
-21.8767
-21.8734
-21.8702
-21.8669
-21.8636
-21.8603
-21.857
-21.8537
-21.8504
-21.8472
-21.8441
-21.8409
-21.8379
-21.835
-21.8321
-21.8293
-21.8267
-21.8241
-21.8216
-21.8192
-21.817
-21.8149
-21.8128
-21.8109
-21.8091
-21.8074
-21.8058
-21.8043
-21.8029
-21.8015
-21.8003
-21.7991
-21.7981
-21.7971
-21.7962
-21.7954
-21.7947
-21.794
-21.7935
-21.7929
-21.7925
-21.7921
-21.7917
-21.7913
-21.791
-21.7907
-21.7903
-21.79
-21.7897
-21.7893
-21.7889
-21.7886
-21.7882
-21.7878
-21.7874
-21.787
-21.7867
-21.7863
-21.786
-21.7857
-21.7854
-21.7851
-21.7849
-21.7848
-21.7847
-21.7846
-21.7845
-21.7846
-21.7846
-21.7847
-21.7848
-21.785
-21.7852
-21.7854
-21.7857
-21.786
-21.7864
-21.7868
-21.7872
-21.7877
-21.7883
-21.7889
-21.7895
-21.7902
-21.7909
-21.7917
-21.7925
-21.7933
-21.7942
-21.7951
-21.7961
-21.7971
-21.7981
-21.7991
-21.8002
-21.8014
-21.8025
-21.8038
-21.805
-21.8064
-21.8078
-21.8093
-21.8109
-21.8126
-21.8143
-21.8162
-21.8182
-21.8203
-21.8225
-21.8248
-21.8272
-21.8297
-21.8323
-21.835
-21.8378
-21.8406
-21.8435
-21.8465
-21.8495
-21.8525
-21.8557
-21.8589
-21.8621
-21.8654
-21.8688
-21.8722
-21.8757
-21.8792
-21.8828
-21.8865
-21.8902
-21.894
-21.8979
-21.9018
-21.9058
-21.9099
-21.9141
-21.9184
-21.9227
-21.9272
-21.9318
-21.9365
-21.9413
-21.9463
-21.9514
-21.9566
-21.962
-21.9675
-21.9731
-21.9789
-21.9848
-21.9909
-21.997
-22.0033
-22.0097
-22.0161
-22.0226
-22.0291
-22.0357
-22.0424
-22.0491
-22.0558
-22.0625
-22.0692
-22.0759
-22.0826
-22.0894
-22.0961
-22.1029
-22.1096
-22.1164
-22.1231
-22.1299
-22.1367
-22.1435
-22.1503
-22.1571
-22.1639
-22.1708
-22.1776
-22.1845
-22.1913
-22.1982
-22.2051
-22.212
-22.2189
-22.2258
-22.2327
-22.2397
-22.2467
-22.2537
-22.2607
-22.2677
-22.2748
-22.2818
-22.2889
-22.2959
-22.303
-22.31
-22.3171
-22.3241
-22.3311
-22.3381
-22.3451
-22.3521
-22.3591
-22.3661
-22.3732
-22.3802
-22.3872
-22.3943
-22.4013
-22.4083
-22.4154
-22.4224
-22.4294
-22.4364
-22.4434
-22.4504
-22.4575
-22.4645
-22.4715
-22.4785
-22.4856
-22.4926
-22.4997
-22.5067
-22.5138
-22.5208
-22.5278
-22.5347
-22.5415
-22.5482
-22.5549
-22.5614
-22.5678
-22.5741
-22.5802
-22.5862
-22.592
-22.5977
-22.6032
-22.6086
-22.6138
-22.6189
-22.6238
-22.6286
-22.6332
-22.6376
-22.6419
-22.646
-22.65
-22.6538
-22.6575
-22.661
-22.6643
-22.6676
-22.6706
-22.6736
-22.6763
-22.679
-22.6815
-22.6838
-22.686
-22.688
-22.6898
-22.6915
-22.693
-22.6943
-22.6954
-22.6963
-22.697
-22.6975
-22.6978
-22.6979
-22.6977
-22.6974
-22.6968
-22.6959
-22.6949
-22.6936
-22.692
-22.6902
-22.6882
-22.686
-22.6835
-22.6808
-22.6778
-22.6747
-22.6713
-22.6677
-22.664
-22.66
-22.6559
-22.6516
-22.6472
-22.6426
-22.6379
-22.6331
-22.6281
-22.6231
-22.618
-22.6129
-22.6076
-22.6024
-22.5971
-22.5918
-22.5865
-22.5813
-22.576
-22.5709
-22.5658
-22.5607
-22.5557
-22.5508
-22.546
-22.5413
-22.5367
-22.5322
-22.5278
-22.5236
-22.5194
-22.5153
-22.5114
-22.5075
-22.5037
-22.5
-22.4964
-22.4928
-22.4892
-22.4858
-22.4823
-22.4789
-22.4756
-22.4722
-22.4689
-22.4656
-22.4624
-22.4592
-22.456
-22.4528
-22.4497
-22.4465
-22.4434
-22.4404
-22.4373
-22.4343
-22.4313
-22.4282
-22.4253
-22.4223
-22.4194
-22.4164
-22.4135
-22.4107
-22.4078
-22.405
-22.4022
-22.3994
-22.3967
-22.394
-22.3913
-22.3887
-22.386
-22.3834
-22.3808
-22.3782
-22.3756
-22.3731
-22.3705
-22.368
-22.3655
-22.363
-22.3605
-22.358
-22.3555
-22.353
-22.3505
-22.3481
-22.3456
-22.3431
-22.3406
-22.3382
-22.3357
-22.3332
-22.3308
-22.3283
-22.3258
-22.3233
-22.3209
-22.3184
-22.3159
-22.3134
-22.3109
-22.3084
-22.3059
-22.3034
-22.301
-22.2985
-22.2961
-22.2937
-22.2913
-22.2889
-22.2866
-22.2843
-22.282
-22.2798
-22.2776
-22.2755
-22.2734
-22.2713
-22.2693
-22.2674
-22.2655
-22.2638
-22.2621
-22.2605
-22.259
-22.2576
-22.2563
-22.2551
-22.254
-22.253
-22.2521
-22.2514
-22.2508
-22.2502
-22.2499
-22.2496
-22.2496
-22.2496
-22.2498
-22.2502
-22.2508
-22.2515
-22.2524
-22.2535
-22.2548
-22.2562
-22.2578
-22.2596
-22.2616
-22.2637
-22.2659
-22.2683
-22.2708
-22.2734
-22.2761
-22.2789
-22.2817
-22.2846
-22.2875
-22.2904
-22.2933
-22.2962
-22.299
-22.3018
-22.3045
-22.3071
-22.3096
-22.312
-22.3143
-22.3165
-22.3185
-22.3204
-22.3221
-22.3238
-22.3253
-22.3266
-22.3279
-22.3291
-22.3301
-22.3311
-22.3319
-22.3327
-22.3334
-22.334
-22.3345
-22.335
-22.3353
-22.3356
-22.3359
-22.336
-22.3361
-22.3361
-22.336
-22.3358
-22.3356
-22.3352
-22.3347
-22.3342
-22.3336
-22.3329
-22.3322
-22.3314
-22.3305
-22.3297
-22.3288
-22.3279
-22.327
-22.3261
-22.3252
-22.3244
-22.3235
-22.3227
-22.3219
-22.3212
-22.3205
-22.3199
-22.3193
-22.3188
-22.3184
-22.318
-22.3177
-22.3174
-22.3172
-22.3171
-22.317
-22.3169
-22.3169
-22.3169
-22.317
-22.3171
-22.3172
-22.3174
-22.3176
-22.3179
-22.3181
-22.3184
-22.3187
-22.3191
-22.3195
-22.3199
-22.3203
-22.3208
-22.3214
-22.3219
-22.3226
-22.3233
-22.324
-22.3248
-22.3257
-22.3267
-22.3277
-22.3288
-22.33
-22.3313
-22.3327
-22.3341
-22.3357
-22.3374
-22.3392
-22.3411
-22.3431
-22.3453
-22.3475
-22.3499
-22.3523
-22.3549
-22.3575
-22.3602
-22.3629
-22.3657
-22.3685
-22.3713
-22.3741
-22.3769
-22.3797
-22.3824
-22.3851
-22.3878
-22.3905
-22.3931
-22.3957
-22.3982
-22.4008
-22.4033
-22.4059
-22.4084
-22.4109
-22.4134
-22.4159
-22.4184
-22.4208
-22.4233
-22.4257
-22.4281
-22.4304
-22.4327
-22.4349
-22.437
-22.439
-22.4409
-22.4427
-22.4443
-22.4458
-22.4472
-22.4484
-22.4496
-22.4506
-22.4514
-22.4522
-22.4528
-22.4534
-22.4538
-22.4542
-22.4545
-22.4546
-22.4548
-22.4548
-22.4548
-22.4548
-22.4547
-22.4545
-22.4543
-22.4541
-22.4538
-22.4535
-22.4531
-22.4526
-22.4521
-22.4516
-22.4509
-22.4502
-22.4493
-22.4484
-22.4474
-22.4463
-22.4451
-22.4438
-22.4424
-22.441
-22.4394
-22.4378
-22.436
-22.4342
-22.4323
-22.4303
-22.4283
-22.4261
-22.4239
-22.4216
-22.4192
-22.4167
-22.4142
-22.4115
-22.4087
-22.4059
-22.403
-22.4
-22.397
-22.3939
-22.3908
-22.3876
-22.3843
-22.3811
-22.3778
-22.3744
-22.3711
-22.3677
-22.3643
-22.3609
-22.3574
-22.354
-22.3505
-22.347
-22.3436
-22.3401
-22.3365
-22.333
-22.3294
-22.3258
-22.3221
-22.3185
-22.3148
-22.311
-22.3072
-22.3034
-22.2996
-22.2958
-22.2919
-22.288
-22.2841
-22.2802
-22.2762
-22.2723
-22.2683
-22.2643
-22.2603
-22.2562
-22.2521
-22.2481
-22.244
-22.2399
-22.2358
-22.2317
-22.2276
-22.2235
-22.2195
-22.2155
-22.2116
-22.2078
-22.2041
-22.2005
-22.1969
-22.1935
-22.1903
-22.1871
-22.1841
-22.1812
-22.1785
-22.1758
-22.1733
-22.171
-22.1687
-22.1666
-22.1646
-22.1627
-22.161
-22.1593
-22.1578
-22.1564
-22.1551
-22.1539
-22.1528
-22.1518
-22.151
-22.1502
-22.1496
-22.1491
-22.1487
-22.1484
-22.1482
-22.1481
-22.1482
-22.1484
-22.1486
-22.149
-22.1495
-22.1501
-22.1508
-22.1516
-22.1524
-22.1534
-22.1544
-22.1555
-22.1566
-22.1577
-22.1589
-22.16
-22.1611
-22.1622
-22.1633
-22.1643
-22.1652
-22.1661
-22.167
-22.1678
-22.1686
-22.1693
-22.1699
-22.1706
-22.1711
-22.1716
-22.1721
-22.1726
-22.173
-22.1734
-22.1738
-22.1742
-22.1746
-22.175
-22.1754
-22.1758
-22.1762
-22.1766
-22.1771
-22.1775
-22.178
-22.1785
-22.1789
-22.1793
-22.1797
-22.1801
-22.1804
-22.1807
-22.1809
-22.1811
-22.1812
-22.1812
-22.1812
-22.1811
-22.181
-22.1807
-22.1804
-22.18
-22.1795
-22.179
-22.1784
-22.1777
-22.177
-22.1762
-22.1754
-22.1745
-22.1736
-22.1727
-22.1717
-22.1708
-22.1698
-22.1688
-22.1678
-22.1668
-22.1659
-22.1649
-22.1639
-22.163
-22.162
-22.161
-22.1601
-22.1591
-22.1582
-22.1572
-22.1562
-22.1552
-22.1543
-22.1533
-22.1523
-22.1513
-22.1503
-22.1494
-22.1484
-22.1475
-22.1466
-22.1457
-22.1449
-22.1442
-22.1435
-22.1429
-22.1424
-22.1419
-22.1415
-22.1412
-22.141
-22.1408
-22.1407
-22.1407
-22.1407
-22.1407
-22.1408
-22.1409
-22.1409
-22.141
-22.1411
-22.1411
-22.1411
-22.1411
-22.1411
-22.1411
-22.1411
-22.141
-22.141
-22.141
-22.141
-22.1409
-22.1409
-22.1409
-22.141
-22.141
-22.141
-22.141
-22.1411
-22.141
-22.141
-22.1409
-22.1409
-22.1407
-22.1405
-22.1403
-22.14
-22.1397
-22.1392
-22.1387
-22.1381
-22.1374
-22.1366
-22.1356
-22.1346
-22.1334
-22.1321
-22.1307
-22.1291
-22.1274
-22.1256
-22.1237
-22.1216
-22.1195
-22.1172
-22.1149
-22.1124
-22.11
-22.1074
-22.1048
-22.1021
-22.0995
-22.0968
-22.0941
-22.0914
-22.0888
-22.0861
-22.0835
-22.0809
-22.0783
-22.0757
-22.0731
-22.0706
-22.068
-22.0655
-22.0629
-22.0604
-22.0579
-22.0555
-22.053
-22.0507
-22.0483
-22.0461
-22.0439
-22.0418
-22.0397
-22.0378
-22.0359
-22.0341
-22.0323
-22.0307
-22.0291
-22.0276
-22.0262
-22.0249
-22.0236
-22.0224
-22.0213
-22.0202
-22.0192
-22.0182
-22.0172
-22.0163
-22.0154
-22.0146
-22.0137
-22.0129
-22.0121
-22.0113
-22.0105
-22.0097
-22.0089
-22.0081
-22.0074
-22.0066
-22.0058
-22.0051
-22.0043
-22.0036
-22.0029
-22.0023
-22.0016
-22.001
-22.0005
-22
-21.9995
-21.9992
-21.9989
-21.9987
-21.9986
-21.9985
-21.9986
-21.9988
-21.999
-21.9994
-21.9999
-22.0004
-22.001
-22.0018
-22.0025
-22.0034
-22.0043
-22.0052
-22.0062
-22.0072
-22.0082
-22.0092
-22.0102
-22.0112
-22.0122
-22.0131
-22.014
-22.0148
-22.0155
-22.0161
-22.0166
-22.017
-22.0172
-22.0174
-22.0174
-22.0172
-22.017
-22.0166
-22.0161
-22.0155
-22.0148
-22.0139
-22.0131
-22.0121
-22.011
-22.0099
-22.0087
-22.0075
-22.0061
-22.0047
-22.0033
-22.0018
-22.0003
-21.9987
-21.997
-21.9954
-21.9937
-21.992
-21.9902
-21.9885
-21.9868
-21.985
-21.9833
-21.9815
-21.9798
-21.978
-21.9763
-21.9745
-21.9728
-21.971
-21.9693
-21.9676
-21.9659
-21.9642
-21.9626
-21.961
-21.9594
-21.9579
-21.9564
-21.955
-21.9535
-21.9521
-21.9508
-21.9494
-21.9481
-21.9467
-21.9454
-21.9441
-21.9428
-21.9415
-21.9402
-21.9389
-21.9376
-21.9364
-21.9352
-21.934
-21.9328
-21.9316
-21.9305
-21.9295
-21.9285
-21.9275
-21.9266
-21.9258
-21.925
-21.9243
-21.9236
-21.923
-21.9224
-21.922
-21.9215
-21.9212
-21.9209
-21.9206
-21.9205
-21.9204
-21.9204
-21.9205
-21.9206
-21.9209
-21.9212
-21.9217
-21.9223
-21.923
-21.9238
-21.9247
-21.9257
-21.9268
-21.9281
-21.9295
-21.9309
-21.9324
-21.9341
-21.9358
-21.9375
-21.9393
-21.9412
-21.9431
-21.945
-21.947
-21.949
-21.9511
-21.9532
-21.9553
-21.9574
-21.9595
-21.9616
-21.9638
-21.9659
-21.968
-21.9701
-21.9722
-21.9743
-21.9764
-21.9784
-21.9804
-21.9824
-21.9844
-21.9864
-21.9884
-21.9903
-21.9922
-21.9942
-21.9961
-21.998
-21.9999
-22.0018
-22.0037
-22.0056
-22.0075
-22.0093
-22.0111
-22.0129
-22.0147
-22.0164
-22.0181
-22.0198
-22.0215
-22.0231
-22.0247
-22.0263
-22.0278
-22.0292
-22.0306
-22.0318
-22.0329
-22.0339
-22.0347
-22.0352
-22.0356
-22.0357
-22.0355
-22.0351
-22.0344
-22.0334
-22.0321
-22.0305
-22.0286
-22.0264
-22.024
-22.0213
-22.0183
-22.0151
-22.0116
-22.0079
-22.004
-21.9998
-21.9955
-21.991
-21.9864
-21.9816
-21.9767
-21.9717
-21.9666
-21.9614
-21.9561
-21.9508
-21.9456
-21.9403
-21.935
-21.9297
-21.9245
-21.9194
-21.9143
-21.9093
-21.9045
-21.8997
-21.895
-21.8905
-21.886
-21.8817
-21.8775
-21.8735
-21.8695
-21.8657
-21.862
-21.8584
-21.855
-21.8517
-21.8486
-21.8456
-21.8428
-21.8401
-21.8376
-21.8353
-21.8331
-21.831
-21.8291
-21.8274
-21.8258

